200
50
 12  20   6
  2  20  18
 12  28  12
  5  49   8
 12  20  13
 16  38   6
 16  10   9
  2  22  15
  9  32  19
 16  44   5
  7  48  18
  2  23  16
 10  14  11
 16  44   9
  5  31   8
 18  49  19
 19  35  10
 12  31   8
 14  47  11
  4  40   5
 10  29  19
  2  17   6
 17  17  11
 16  15   8
  6  39  17
 18  50  15
  5  34  20
 10  48  20
  1  25  13
 20  48  20
 19  27  19
 10  21   7
 14  27  10
  9  18  17
 10  11   9
  8  44  11
  2  21   6
  6  25  18
 10  44  19
  7  47   7
 16  18  14
 18  37   9
 19  26   5
  4  27   9
 13  11  18
  6  35   7
 16  47  12
  6  36  12
  4  10  20
  7  46  10
1 8
12 27
29 30