200
200
 18  33  11
 20  33   9
 13  31  13
  4  30  17
  8  30  11
 16  29   6
 19  48   6
  9  25  16
 17  33  11
  4  32  18
  6  10  17
  2  15  15
 19  16   8
 14  21   6
 18  30  11
  6  35  10
  6  45  13
 16  40  16
 13  33   6
 13  28  20
  7  11  18
  4  45  20
 19  40  11
  1  32   7
  7  33  14
  5  24  10
  5  12   9
 10  38  17
 19  31   8
 12  18  16
 10  10  20
 10  20   5
 18  35   9
  7  17  13
 12  35  17
 13  29  17
  8  35  10
 12  23  16
  2  15  15
 12  32   5
 14  10   9
  2  38  19
 12  36  18
 12  38  11
  7  40   6
  4  15  10
  5  35   8
 19  32   6
 19  45  11
 14  46  13
 15  33  17
  4  39   9
  6  30  11
  6  18   5
 19  44  13
 14  23  14
 19  29   8
  5  11   5
  4  26   9
 19  22  14
 16  26   8
 17  31   8
 19  31   8
  6  19  13
  9  13  13
 12  37  13
  7  13  17
  8  31  11
 14  28  20
  6  47   7
  8  34   8
 13  13   5
 20  37  17
 14  26  19
  5  35  15
 15  43  14
 13  47  14
 12  12   7
 17  15   6
 16  25  19
 10  42  15
  8  31  17
  2  25   8
 13  18   8
  8  35  10
 20  28  16
 20  34  18
 16  11  10
 16  45  18
 19  40  12
 17  25   6
  4  47  20
 13  26  15
 14  27  10
 11  13  11
 13  40  11
 17  49   6
 12  29  13
 15  26  20
  5  19  11
 12  31  17
 13  15   7
 20  19  18
 20  43  16
  2  12   8
 20  48  16
 12  34  13
 17  20  17
  3  27   5
 10  43  20
 14  17   6
  8  41  19
  2  26  11
  4  25  13
  7  34  14
  6  39   9
  5  19  14
  2  39   8
  2  14  14
 19  36  19
  2  33  15
  3  38  20
 16  13  20
  7  21  10
 17  20  18
  3  11  10
  2  32  17
 15  10  14
 12  21   5
  6  23  11
  4  40  18
 14  18   6
  2  41   9
 13  42  14
  6  47   7
 10  12  16
 14  44  14
  6  27   9
  9  10   8
 11  45  20
 17  11  11
 12  34  14
  8  28  16
  7  22  14
  3  42  17
 15  14   5
 19  12  19
 10  13  19
  6  13  12
  8  50   9
  1  31  14
 19  32   6
 14  23  17
 14  11   9
 19  42   5
  8  31  14
 19  48  18
  8  49  10
 11  49   5
  1  30   6
 14  14  18
  2  17   6
 17  20  14
  7  34  13
 16  34  11
 12  40  19
 12  25   9
  4  26   5
  9  34  16
  6  17  12
  6  37  11
  8  48  10
  5  14   7
 13  24   7
  6  43  17
 18  13  18
  5  38  11
  2  37   6
 11  26  18
  2  25  13
 18  47   5
 13  29  11
 20  35   7
  9  10  13
 17  50  10
  9  30  20
 12  16  14
  6  48   8
 11  29  20
 15  26   7
 13  33  20
  2  10   6
 10  45  18
  6  45  20
  3  50   8
 19  26   9
 18  18   5
 12  14   6
 20  25  18
 11  15  15
40 55
118 133
151 178