200
1000
 19  44  14
 13  50  18
  4  45  20
  2  37  20
  6  47  16
 19  15  10
  9  39  10
  6  32  12
 18  33   5
  4  35   5
 17  33  14
 12  45  18
 19  45  12
 19  16  20
  9  14   6
 18  48   5
 20  36   9
  5  24  17
 11  39   9
 10  46  18
  4  14   8
 18  47  20
  5  43  16
 13  12  12
 19  30  20
 17  22   5
  6  21   6
 13  31  19
  9  27   8
 14  28  10
  3  16  17
  4  25   9
 20  42   9
 13  22  17
  5  29  15
 18  49  18
 15  20  19
 20  43  11
  3  28  14
  6  38   9
  4  37   8
  2  29   7
 19  18  17
 18  31  15
  4  15  13
  7  18  14
  8  21  12
 17  19  20
 20  32  11
  8  24  20
 20  14  19
 19  35  15
  4  49  12
 16  20  16
  7  33  11
  9  41   8
  3  31  18
 20  36   5
 19  33  13
  2  13   7
 20  37   9
 19  45  17
  6  41  20
  4  34  20
  8  28  11
  7  38  14
  5  35  20
 17  10   5
  4  30   9
  7  11  14
 15  28  12
  8  21  11
 13  19  12
 19  39  18
 11  33  19
 19  13   7
  9  40  19
  1  33  16
  9  11   8
 11  41   8
  1  30   9
  6  13  15
  7  16  14
 15  19  10
 19  30  10
 18  27   5
  3  49  18
  7  31  15
 19  43  12
 14  11  16
 13  17  13
 14  23   8
  3  46  14
 13  29   6
  2  49  14
 13  11  13
 18  50  15
 14  40  13
  5  25   6
 15  19   5
 13  11  17
  8  40   6
  8  38   9
 16  23  15
  4  12  13
  7  18  14
 13  19   7
 19  17  10
  5  24  17
 20  13  20
 14  28   6
 17  27  10
  7  34   9
 10  15  11
  5  38  14
 10  25  14
 13  25  18
  2  45   9
  2  14  18
 17  40   9
 11  38  11
 11  25  17
 15  20  14
  2  48   7
 19  50   6
  1  26   7
  6  23  19
  6  29  15
  2  31  16
  1  32  12
 20  22  13
  4  32  20
  8  32  15
  5  43  19
  4  13  10
  5  48   9
  2  38  13
 14  40  20
 20  14  12
  8  44   5
  1  29   6
  8  22  18
  5  42  20
 17  15  18
  9  25  15
 11  50  19
 12  41  14
 13  32  12
  1  42  11
 12  45   7
  6  36  13
  6  35   9
 17  16  10
 15  13   7
 20  16  18
 14  44  12
 14  24  12
 20  30  17
 12  10  15
  4  32  17
 13  39   7
 16  11   8
  3  14   6
 20  19  18
  6  22  15
  1  41   7
 17  49  12
  1  41  17
 19  32  14
 20  31  19
 16  18  13
  1  44  19
  4  14  15
  5  28   5
 16  35   6
  7  41  12
  7  34  15
 12  43  12
  4  36  19
 12  34   7
  4  31  18
  6  13   6
 19  11  15
  5  40  10
  1  36  13
 13  39  16
  4  32  13
  2  37   5
 10  12  16
 13  38  15
 12  25   9
 12  24   7
  6  47  20
  1  22  20
 13  26   6
 20  20  12
 12  27  10
  9  14  20
  3  31  14
 16  49   7
 20  26   8
  6  36  11
 18  39   7
 20  50  18
 15  38  20
  4  21  11
 18  25  10
  3  16  17
 18  16   6
 16  15   7
 16  48  19
  6  45   8
  2  10  16
  7  47  15
 19  18  16
  8  20  17
 13  34   5
 11  30  12
 18  13   6
  2  17   9
 19  15   7
 16  27  16
 14  19  14
 18  42  12
  1  33  16
 15  17  15
 15  37   8
  5  20  13
  7  31  13
  5  17   5
 12  16   5
  5  13  19
 17  37  20
 17  31  19
  1  25  11
  5  21  20
  5  10  17
  2  24   6
  6  35  15
 18  39  10
  8  19  14
  3  15  10
  7  38  10
 16  37  20
  7  19  10
  2  21  11
  7  38  12
  9  11  14
  9  15   8
 20  49  16
 18  46  15
 17  19   6
 17  34   8
 18  44  16
 12  38  13
 18  25  19
 14  18   8
 20  24   9
 19  31  17
  4  29   5
  9  48  17
 18  40   8
  6  50  17
 15  45  15
  1  46  17
  3  22  19
  8  41   6
 16  50  16
  2  38  10
  2  35  12
  1  16   9
 18  37   9
 17  28  17
  5  32   6
  8  31   5
 12  47   8
 15  45   8
  7  41  16
 20  35  10
  6  45  19
  2  19  12
 14  17   6
  2  20  14
 10  49  18
  7  19  10
  8  13   8
 18  40   7
 19  37  20
  6  22  17
 20  44  11
 14  10  12
 20  31  10
 14  17   6
 12  17  10
 16  28  17
 10  15  13
 10  11  17
 15  41   7
  1  21  12
 11  35  11
 13  50  20
 12  43  12
 11  10  10
  9  40  11
 14  43  17
 18  12  19
 17  34  13
  8  30  20
 16  23  18
 11  46  14
 15  41   6
 20  21  20
 17  21  19
 15  47   9
  1  24  20
 20  43   6
 12  35  18
  5  20  20
  3  30   5
 15  14   5
  7  41  17
  2  24   5
 17  41  18
 14  15  16
 14  40  15
 11  30  13
  4  18  14
 13  22  16
  7  31  12
 13  43  20
  7  21  10
 14  24   8
  2  45   6
  1  18   5
 14  44  16
  1  14   5
  3  43   7
  7  40  10
 19  39  11
  4  46   9
 11  36  10
 20  21   9
 18  22   8
 16  18  12
 19  37  20
  7  20  15
 17  38   5
  3  23  15
 17  15   5
 10  44  19
 10  12   9
  6  42  16
  2  12   5
  6  35  13
  6  30  19
 18  30  12
 20  19   5
 18  33  19
 20  18   6
 20  13  17
 10  41  20
  3  30  20
  2  45  15
  2  18  11
 13  16  15
  6  11  10
 13  25  13
 19  14  12
 11  27   9
  1  36  19
  2  49  14
  2  38  11
  4  11  12
 13  16  20
  5  43  11
  9  16  11
  1  50  18
 17  25  16
 11  12  13
 13  38  13
 18  28   5
 14  35  19
 11  31   5
  6  11  15
 18  36  20
  8  30   8
 11  24  18
  8  23  11
  6  21   8
 19  22   9
 15  22  12
 15  26  20
 17  24   8
  2  15  10
  1  49  14
 18  27  20
 12  20  18
  4  11  17
 10  23  18
  7  36  14
  5  42   6
 10  29  19
  2  18  11
 16  34   5
 11  47   5
 16  14  15
  8  16  16
 18  40  16
 14  14  15
 13  18  14
 12  22  20
 13  14   5
  1  19  13
 16  32  14
 13  25   7
  8  29  14
 18  50  18
 16  47   8
 19  36  10
 18  50  18
 10  33  15
 15  25  19
  3  38   7
 17  43   9
 11  22  16
 10  23  10
 16  27   8
 11  34  18
 14  26  12
 16  38  16
  3  13   6
  1  14  17
 16  41   6
 12  19  16
 19  49   8
 13  47   5
 20  36  12
  7  29   7
  1  18  16
 16  14  10
 11  18   5
  6  40  16
 20  15   9
 16  41   8
  4  16   9
  5  48   9
 11  38  19
 13  11   5
 20  12   5
 11  35  15
 17  29  10
 12  27  14
  9  31   8
  8  32  10
  5  38  17
 18  39  17
  5  50  19
 13  26  11
  6  33  15
 18  16   8
 11  10  15
 16  23  19
 16  23  14
 14  22  18
 17  18  10
 20  38  19
 20  43  15
  3  37  10
 19  34  12
  1  49  13
 18  11  11
 18  20  16
 20  50  19
 14  48  15
 11  41   6
 13  20  19
 14  31  15
 12  12  13
 17  31   9
  8  35   8
 15  40  14
  1  12   9
  2  29  11
  2  14  13
 16  49  20
 16  47  19
 16  23  11
  5  42  10
  4  34   5
  1  16   8
 14  31  16
 15  31  10
  2  27  19
 11  47   8
 13  16  15
 13  36  12
  7  32  14
  9  11  11
  9  50  14
  5  21  19
 10  28  13
 11  19   8
 18  32  18
  6  36  12
  7  24  15
  9  43   7
  2  35  11
  3  47  11
 15  15  15
  7  10  14
 18  22   9
  4  42  15
 11  34   5
 11  36   9
 17  44  16
  7  16   9
  7  18   6
  2  40  10
 17  15  12
 14  21  17
  1  40   8
 14  28  10
  5  46   9
 18  29  17
  3  47   6
  1  30  13
 17  11   9
  6  24  20
 12  13  11
  6  38  12
  6  49  14
 20  39  12
 14  28  12
  3  15  12
  4  43  14
  3  29  15
  8  19   7
 16  18  20
 16  17  20
  3  28   5
 14  20  18
 12  45  19
  2  46   8
 12  30  10
 11  11  19
 18  17  10
  2  37  17
 11  28   6
 12  10  15
 16  42   5
  4  35  11
 18  30  16
  7  27  17
  9  33  17
 11  45  10
  2  25  14
 18  30   9
  8  23  20
 15  23   9
 20  48  11
  4  37  16
 16  37   6
 15  33  16
  5  37   8
 15  39  10
  9  38  20
  6  19  12
  6  46   7
 20  27  10
 17  15  19
 11  44   5
 11  48  10
  1  32  11
 12  42  16
 20  23  18
  1  16  20
 10  28  14
 19  40  15
 17  28  14
  4  40  14
 12  44  11
 15  27  11
 17  10   7
 20  39  18
 12  40  18
 13  15  19
 14  18  17
 18  11  16
  6  18   5
 17  14   9
 14  40  11
 16  20  14
  6  17  20
  5  38   7
 13  10   7
 10  24  16
 18  15   9
 11  26  11
  8  30   8
  8  50   5
 17  16   8
  8  42  13
 13  10  19
  6  40   5
 18  21  14
  1  38  19
 10  25  15
  2  32  10
 17  14  18
  8  50  14
 17  31   9
 10  37  12
  3  34   5
  6  12  11
 19  50  16
  4  14   8
 16  40   7
 19  42  10
  2  25   9
  7  49  14
  8  30  15
  7  44  15
  3  12  13
  9  43  14
 15  28   8
 16  33   5
 16  22  10
  5  18  16
  1  29  19
 10  25  15
 12  30  20
  7  28  13
  1  15  14
 16  45  11
 19  12  15
  9  39  20
  7  38  18
  4  35  12
  7  13   5
 11  28   7
 10  33  13
  3  28  13
 18  11  15
 17  33  16
  1  17   7
  1  30  20
  8  26  10
 15  37  16
 12  48  12
 17  38  10
 14  15  17
  3  29   5
  7  19  14
  4  10   8
 10  27  10
  4  42  15
  6  30  12
 20  32  12
  6  25  12
  7  36   6
  1  28  10
  1  27  11
  5  30   9
 13  44   6
  5  20  12
 14  41   9
  1  36  16
  3  39  18
  7  41  19
  8  21  13
  4  15  19
  3  38  13
  7  48   8
 11  29  11
 18  23  15
  1  26  17
  5  36  19
 15  13   7
 16  14  18
  2  28  10
  2  17   8
  5  25  17
 12  31   8
 20  38   9
 18  14   5
 10  37   7
  5  15  11
 15  28   8
  6  45   5
 13  38   5
 15  16   7
 14  39  13
 15  12  14
  2  18  11
 20  10  19
  9  42   5
 18  31  14
  6  44   6
 20  15   6
 16  24   9
  7  37  10
  5  41  11
  5  20   9
  7  20  16
 12  18  16
 13  28  16
  4  33  16
 20  10   8
 15  35  18
 18  44  10
  4  26  19
 14  41  10
 19  17  11
 10  44  11
  8  45  16
  1  19  11
  6  48   7
 19  49  20
 15  31  17
 11  11   5
  9  36   8
 19  10   7
  7  26   8
 15  28  11
 20  10  16
  2  30   5
  2  49   9
 10  29  12
  6  10  11
 20  22  16
  5  41  19
  2  11  10
 19  49  15
  5  38   8
 20  30  14
  4  29  10
  1  21  20
  9  39  14
  8  25  16
  9  15  11
 16  42   8
  3  33   7
  4  25   6
 20  22  15
 12  36  18
 13  16   6
  1  37  13
  4  27  15
 20  21   7
 20  18  11
  7  40   5
 20  48   9
  6  34   5
  4  50  20
  9  36   8
  5  25   9
 15  45   5
 16  28   9
  6  21  20
  3  10  14
  7  22  15
  6  38  18
  1  20   7
  6  33  14
  5  32  14
  1  36  20
 12  12  17
 15  38  17
 16  28  11
 18  29   7
 17  27  17
  4  40   9
 17  50  19
  8  13  18
  4  38  16
 14  21  16
 19  13  16
 17  41  12
  3  29  14
 16  35  14
 12  22   5
  7  35  16
 10  13  14
  9  15   9
 15  36   6
  2  48  10
 14  31  20
 19  40  16
 16  19   7
 11  21  10
  7  39   7
  9  19   6
 17  35  10
 10  17  13
  5  30  11
  9  23  13
 15  14  15
 20  38  16
 18  21  12
 19  16  20
  8  41  19
 16  22  13
 17  16   6
 10  20  19
 20  50  15
  7  37  14
 11  35   6
 14  32  10
 15  13  10
  2  12   8
 18  34   5
 13  39   5
  8  49  15
 19  24  17
  7  37  11
  3  40  20
  4  20  12
 10  38  16
 10  44   6
 10  14   5
 13  28   8
  6  24  17
 13  18  10
 12  39  12
 13  14   8
 19  16  13
  8  44  16
 10  46  20
 12  47   7
 19  23  18
  3  11  14
  8  10   9
 14  43   8
 15  41  17
  1  41   7
 16  34  12
 12  25   6
  3  32   8
 14  33   8
 18  19  18
  6  33  11
  1  50   5
  5  24  17
  6  11  18
  9  23  17
  2  15  17
  3  43  13
 16  30   8
 14  34   7
 18  11  17
  1  24   8
  9  12  12
 18  19  19
 17  29  11
  4  32  20
  6  15   6
 15  28   9
  5  10  14
 18  44  17
 18  44  17
 18  25   5
  1  40   7
 17  48   5
  5  43  11
 13  34  13
  5  41   5
  1  45  10
 13  21  15
  5  24  20
  1  48  18
  5  11  15
  8  42  12
 13  13  11
  5  49  11
  7  24  12
  4  38  14
 19  42  12
 13  43   7
 12  33  18
 15  21   6
 15  15  11
 20  29  11
 16  20  16
 18  27  14
 12  13  15
 12  21   9
 17  17  17
  9  45   7
 17  32   7
 19  40   7
 16  17  11
  4  48  13
 17  28  12
 20  20  18
  3  24  18
 12  45  14
  9  19  18
 17  22   8
  7  46  12
 11  10   8
 10  15   6
 20  46   5
 16  20   5
 19  16  15
 11  46   5
 11  19  11
 20  45   8
 11  32  18
  2  40   7
 18  23  20
 13  30  18
  5  39   9
 17  24  11
  3  14   8
  7  45   8
 13  41  17
  2  31  16
 15  38  18
  6  20  12
  3  15  17
  1  13  20
 12  31   5
  1  20  10
 18  15  12
 15  48  14
 18  31  10
  9  33  18
 13  24   6
 17  50  13
 10  24  17
 14  33  17
  2  36  15
 13  41  12
 13  46  18
  8  39  14
 11  41   7
 10  44  13
  5  49  19
 12  33   6
 20  44  15
 11  37  18
  9  18  14
 11  28   8
 16  29  13
 11  28  13
  5  50   7
 19  38   8
  8  22   9
 17  20  12
  3  16   8
 15  12  20
  1  19  16
 20  33  19
 18  12  17
 12  41   5
  2  39  13
  7  27  20
 14  32  13
 18  24   6
  3  29  20
 16  32  16
  2  32  15
 17  24  12
 19  29  17
 14  12   7
 19  46  15
  2  10  18
  9  15   5
  3  48  18
 10  46  12
  7  40   9
 20  48  20
  2  27  15
 10  50  20
  7  41  14
 17  20  13
  5  50  10
 16  36   6
 17  33   6
 11  24  17
  5  28  19
  1  17  19
  8  22  19
  9  26  13
 17  40   9
 12  42  16
 10  31  12
 15  22  19
 18  49   5
  1  35   9
  3  46  13
  4  18   9
 17  10   6
  8  50   8
 14  36   6
  7  48   9
 16  28   8
  7  25  17
  6  14  12
  2  42   6
30 68
521 747
842 870
560 25
10 90
870 338
102 4
28 791