50
1000
 18  44   5
 10  29   6
  1  21  12
 18  27   6
 15  15  14
 13  42  19
  7  27  11
  4  40  15
 14  13   5
  3  45  16
 16  32   7
  8  40   5
  2  48  18
 16  38  20
 12  47  11
  4  22  13
 14  13   5
 13  39  16
 13  15  10
 20  32  11
  8  10  13
 12  34  10
 18  24   5
  9  23  16
 12  13   9
 18  17  16
 10  44  16
 14  35  20
  9  12   6
 15  10  20
 15  23  19
 12  46   5
 19  28   8
  6  44  12
 18  43  11
 14  18   8
  9  13  19
  2  39  16
  5  50  10
 12  37  20
  6  48   6
 17  50  17
 13  32  14
 19  17  12
 17  30  20
 12  40  12
  7  49  10
  5  39  16
  3  48  19
  8  19  14
  8  36   7
 16  19  16
 17  25   6
  7  11  17
 14  40  17
 15  36  11
 17  13  17
  1  35   6
 15  18  17
 18  34  12
 15  27   8
 14  21  18
  1  42  12
  2  20  19
 12  30   8
  7  17  12
 18  37  19
 20  29   9
 12  31  18
  3  19  11
  6  19  17
  6  21  15
 13  34  19
 11  19  10
  1  32  12
 13  40  16
 12  24  10
 19  28   8
 19  43  18
  4  17  20
 12  14  17
  8  47   8
 16  27  18
  9  12   8
  6  38  10
 17  42   7
  5  16  13
  9  27  20
 13  45  18
 11  27  19
 10  42  20
 16  35   8
  5  21  16
 19  14  13
  5  11  20
 10  50  12
  3  47  20
 11  39  19
 19  31   5
 17  14  11
  3  22  14
  5  25   8
 10  50  10
 20  24  20
  9  33  19
  2  39  16
  3  13  16
 10  50  17
 14  43   7
 13  23  17
 12  33  14
  1  45  20
 11  47  16
 18  32  18
  8  28  18
  6  17  13
  5  22   8
  8  37   9
 16  27  10
  8  18  19
 14  48   7
 17  50   8
  4  32   5
 15  39  11
  6  41  10
  3  50  15
 20  19  14
 14  35   9
  2  24   7
 10  16  14
  6  30   6
  3  27   9
 17  30   9
 14  40   9
  5  27  16
  9  19  18
  3  18  16
 14  42   6
  8  38   5
  7  23  17
  4  12  10
  9  48   6
 17  16  14
 19  21   7
 10  20  11
 13  17  15
 17  33   9
 19  13   8
  7  21   5
 13  45  18
  7  14   5
 11  20  20
  7  17  20
 14  20  20
  5  26  12
 13  50   7
  8  22   8
  7  15   8
 10  12   8
  5  47  14
 12  45  12
  4  20   5
  4  16  20
  2  44  17
 17  38  17
 20  45   9
 18  20  17
 10  36   6
 16  29  19
  6  27  12
 13  50  16
 18  36  19
  9  23  19
  8  12  13
 19  34   5
 16  19  19
  7  17  13
 11  50   7
 15  50  12
 11  23   8
 15  16   5
 12  33   5
  8  43  19
 20  27   9
  4  19  17
 19  35  16
  3  39  16
  3  15   6
 15  40   5
  3  43   6
 13  11   5
 20  13  15
  5  33   5
 18  37   6
  5  45   8
 19  50  13
 16  32   6
  6  12  15
 12  21  14
 19  39   7
  1  41   5
 11  42  17
 17  18  11
  8  47  17
  5  24  12
 18  39   8
 12  14   8
 15  44  16
 18  23   5
  8  42  13
  1  18  12
  5  12  19
  1  45  17
 15  45  19
 14  48  19
  7  15  11
 19  25  15
 18  38   8
 10  30  12
 17  19   7
  4  45  20
 20  43  11
  1  29  17
 12  31  16
  5  20   7
  8  13  19
 18  20  16
 20  29  11
  1  29  12
  7  43  14
  1  34  14
  2  38  16
  6  14  14
  6  49  15
 20  15  17
 18  29  16
 18  42  20
  8  18  17
 11  12  15
 11  33  16
 19  35  15
 10  29   8
 11  41   5
 18  33   5
  8  30  13
 12  26   7
  8  18  16
 18  49   9
  3  47  16
 10  23  14
 10  20  10
 20  30   6
 11  15  12
  8  16  11
  8  46   5
 11  11   7
 10  35  15
  7  21  14
  3  24  15
  8  28   8
  5  47   9
 10  24  10
 13  34   5
  5  22  11
 15  49  18
 11  10   7
 18  42   8
  9  35  18
 18  36  13
 11  16  14
 13  32   8
  8  16   5
  7  27  20
 11  21  14
  7  23  11
  9  31   8
  1  11  19
  4  16  19
  8  31  19
 12  13  14
  4  39   5
 19  10  18
 10  20   7
  8  11  16
 12  11  15
  6  29  20
 17  23  19
 19  23  15
 16  21  12
  5  50   9
 20  36  19
 12  27   5
 20  34  18
 13  45  10
 20  18   6
 16  27  15
  7  46   8
 12  41  15
 19  49   5
  3  12  17
  9  36  14
 18  48   8
 12  19  10
 12  50   9
  9  35  11
  8  39   6
 18  21  20
  1  47  12
  4  19  20
  2  23  12
 18  40  10
 16  10  14
 16  18  15
 19  20  12
  7  45   6
 13  10  20
 12  31  12
 14  16  19
 13  45   9
 18  38  16
 16  13  17
  1  14   9
  5  43  12
 18  36  18
  1  25   6
 17  50   6
  1  33  16
 15  27  15
  8  17  16
  8  18  19
 17  13   9
 14  38  12
 12  26  13
 13  10   7
 13  36  15
 18  18   8
 13  16  20
 11  38  12
  4  22   7
 11  30  15
 20  41  16
 15  49  10
 12  19  15
 20  23   6
  4  45  17
 17  49   9
  8  26  15
 18  32   7
  7  27  17
 17  12   8
  8  22   6
 14  48  18
 10  40  16
  7  34   5
 14  50   6
 15  14  15
 12  14   5
  4  45  14
 19  44   8
  9  11   9
  9  42   7
 15  15  16
 10  12  19
 15  22   5
 13  11  10
 18  17  19
 13  16  14
  4  38  17
 14  32  10
 14  30  11
 16  13  16
 19  18  10
 10  25  10
  4  14  15
 10  33   9
 16  26   8
 12  48  12
 19  40  14
 15  21   5
  1  17   7
  3  27  14
 16  28  15
  9  47   8
 17  28   5
  1  35   6
  8  36  12
  6  14  13
  2  21  18
 12  36   8
 12  16   8
 10  19   7
 20  19  16
 11  31   6
  1  15  10
  3  29  18
  5  44   5
  1  40  12
 14  32  18
 16  22   5
 18  26   6
 14  48  15
 13  45  18
 20  39  16
 19  42  17
  8  42  18
  9  20   9
 10  44  16
 11  45  20
  7  11  18
  3  50  11
  8  45   6
  5  26   7
  1  28   5
  2  36  20
 13  13  13
 10  20  16
  1  24   5
 14  18   9
 12  34  12
 11  21   8
  2  34  11
  1  36  13
 19  33  13
 17  26   7
 18  11  10
 16  41  15
 19  15  14
 16  34  10
 20  38  12
  9  43  20
  4  21  13
  3  10   8
  3  43  10
  9  13   7
  7  30   5
  3  35  10
 13  43  18
 13  40   8
  4  13  12
 10  19  14
 20  29  18
  2  20  14
 17  31   5
 12  12  15
  4  38   8
 20  38   5
 20  45  16
  2  21  13
 13  39   7
  6  45  17
 15  32   6
 15  37  18
 11  10  10
  5  28   9
  2  14  18
 12  41  11
 18  46   7
  4  50  20
  5  25  20
  4  39  11
 20  16  15
  7  12  17
 11  39  18
 10  19  18
  2  46   8
 10  47  10
  3  38  14
 12  40  18
 11  23  18
  4  22  10
 11  36  12
 17  18   7
 19  26   5
 15  50  10
 15  36  13
  6  10  20
  5  27  11
 19  34   5
 11  25  13
 14  15  20
 20  30  14
 20  21  20
 18  21  19
 12  32  19
 16  42  20
 18  31  17
  3  29  12
  2  22   8
  5  35  16
  7  45   9
 17  41  15
  3  34   8
  6  43  13
 15  31  12
 18  33  13
  8  13  20
 14  17  11
 14  14  15
  9  11  12
  9  36   7
  5  41  13
 19  45  15
  1  22  17
 16  29  14
 14  12  11
 19  27   8
 11  12   7
  4  31   8
 19  32   9
 12  41   6
 18  19  19
  2  29   9
  8  43  16
  1  18  11
  8  13  13
 11  47   7
 13  14  16
  3  46  10
  1  50  14
 14  12   6
 11  11  17
 16  18  13
 16  22   6
 11  29  11
 19  19   5
 19  11  16
  6  14  18
 16  41  20
  1  21  13
  2  30  17
  2  10  10
  3  16   6
 17  50   8
  7  39  16
 11  33  10
 18  44  15
 11  12  19
  4  30   7
  6  38  12
  7  19  20
  9  26   8
 12  31  17
 16  18  18
  6  40  15
  2  48   8
 15  25   5
  7  24  17
 11  44  15
 15  39  19
  3  45   6
 13  48   6
 14  29  13
  1  35  11
  9  15  13
 12  30  14
  9  16   8
 20  27   9
  3  44  19
 18  31  13
  9  47  14
  6  50   7
 10  21   5
 19  26  18
  1  46  12
  4  34  18
 13  42  18
 13  10   7
 18  12   8
  9  40  17
  2  44  12
  7  28  17
 16  42   5
  9  22   6
 18  49  15
 12  50  10
  1  49   7
  3  37  20
 19  37   5
 19  21  10
 11  46  19
  5  38   7
 18  16  10
  6  34  18
  2  21   7
 12  45  13
 11  41  20
  8  44  10
  7  30  15
  1  22  20
 10  24   5
 20  13   6
 18  35  14
 18  40   7
 13  38  11
  7  21  16
 20  47  18
  8  49   9
  2  42  17
  6  41  13
 14  36  10
 14  21  13
  1  18  14
  1  38   9
  8  29   8
  2  40  11
  7  43   8
  4  20   9
  1  19   5
  5  37   6
  8  16   8
  7  17  12
  2  48   5
  4  46  12
  2  32   5
  6  43  11
 20  42   5
 10  43  11
  8  19  20
  9  27  18
 10  39   9
  6  45  11
 14  31  18
 14  41  19
  9  21  12
  7  11   5
  4  38  10
 16  23  15
 13  29  19
 12  11   9
 20  39  17
 14  25   6
  8  43  15
  2  43  16
 12  22   7
 19  18  12
  4  12  15
 19  48   7
 14  47  10
 18  11  19
  3  30  11
 12  41   5
  6  14  18
  4  38  11
  7  23  17
 11  37  18
  2  25  18
  2  28  17
  9  39  14
 14  24  17
  4  13  20
 13  43  17
 12  22  15
 15  42  19
  4  29  14
  8  38  15
 14  36   6
  9  19  17
  7  31  19
  7  43   6
 14  14  19
  2  19  17
  5  45  17
 15  38  12
 16  10  14
  3  50   5
  2  31  11
  7  43   9
 10  28  20
 16  30   8
 16  32  17
 11  19  10
 11  44   7
  4  14  13
  5  36  13
 10  25  19
 17  41   8
  1  11  18
 12  27   6
  7  40   8
  5  12  12
 19  10   6
 13  22  10
 11  18   9
 14  22  14
 16  13  15
 11  50  19
  1  41  12
  2  44  16
  9  49  10
  2  15  20
  8  45  17
  4  33  11
 14  10   6
  3  41  14
  4  19   5
 17  45  19
 16  42  11
 15  11   5
  3  43   5
  5  50  11
  7  23  20
 13  29   8
  9  24  20
 20  42  16
  1  49  17
 16  37  15
  5  31   7
  5  32  15
 17  14  20
  9  22  14
 15  37  17
 19  24  11
 15  36   9
 13  24  13
  2  45   8
 13  18  17
 20  47  16
 10  11  15
 16  26  14
 15  15  19
  5  18  17
  3  13  17
  6  50  10
 18  43  16
 11  36   6
  2  16   5
 16  10  15
 12  36   7
  8  26   7
  7  13  12
  6  30  18
  8  36  19
  6  38   5
 14  44  12
  9  34  11
  8  17   9
  3  16  20
 17  33  16
  4  40  17
 13  43  13
 16  17  20
  8  36   5
 13  45  11
 13  42  14
  4  14  10
 10  31  17
 13  37  20
  5  18  15
  7  25  13
 16  39  13
 18  47  11
 10  32  12
 12  26  11
  3  25  11
 19  15   7
 11  10  15
 11  37   8
  2  18  17
  1  19  10
  6  32  18
 12  29   9
 19  24  14
 15  31   7
 11  27   9
  2  26   8
 15  10   8
 19  47   9
 15  47  18
  6  28  15
 20  22  11
 10  40  18
  7  36  10
  5  20   7
  9  38  16
 20  43  17
  3  30  12
 19  27   6
  8  43  20
 16  13   8
 14  30  11
 15  25  20
  6  14  20
 13  22  14
 19  28  14
 18  42  16
  8  49  19
 15  29   8
  3  19  18
  1  36   5
 16  41  16
  8  27   9
  4  16  11
  2  12  13
 20  14  17
 18  37  16
  2  48  15
 15  25   6
  4  18  15
  3  36  15
 12  16  11
 20  49  20
  4  41   8
  5  15  11
  7  17  14
 12  28  15
  1  11  18
  5  21   7
 10  42  14
  4  48  12
  4  15  10
  7  23   9
 20  27  19
 11  13  10
 11  33  12
  8  26   6
  5  27  17
  2  20  12
 14  45   6
  7  50   7
 14  13  15
  8  24  18
 14  20   7
  4  24   6
 14  10   6
 15  35  12
 19  11  11
 20  40   8
 18  22  12
 18  12  16
 12  17  15
 15  16  16
 20  42  10
 10  35  12
 20  30   8
 12  50  17
 13  49   6
  6  35  20
 20  24  13
 16  28   7
 16  30   5
 10  28   7
  3  39  12
  3  29  12
 17  22  18
 10  16  15
  8  16  11
 13  40  10
 17  26   9
  5  38  16
 20  43  13
  8  48   9
  3  19   8
 18  25  10
  1  43   6
 13  34  13
 10  11  11
 18  38   5
  1  45  16
 11  50  13
 19  50  18
  3  45  19
  8  41  11
 20  20  16
 18  23   8
  2  45  14
 15  18  12
  1  28  20
 16  23   6
  2  40  10
 13  19  17
  6  45  14
  1  12  12
  7  30  16
 18  41   8
  2  42   8
  9  40  17
  6  27  15
  8  38   5
  2  34  11
 18  45  18
 17  13  15
 12  27  20
 11  49   6
 18  46  19
 19  18  15
  2  43  10
 19  46   7
 14  20  13
  2  39   5
 19  44  14
 16  20  18
  7  38   6
 17  19  12
  4  12  13
 16  12   7
 11  32  15
 10  33  12
 19  36  12
  5  16  12
  1  42   7
  5  48  11
 19  47  14
  6  20  17
  2  49  13
  3  18  14
  4  14   5
  7  20  14
  3  29   5
 17  22  20
 15  43  17
  7  41  13
 11  21  20
  8  41  17
  5  27  14
  3  19  14
  5  44  17
  1  49  10
 10  18   6
  3  20  10
  9  26  14
  1  10  14
 10  20   6
  6  40   5
  4  50   8
 19  16  11
 19  32  11
 19  42  15
 17  12   6
  7  39   9
  9  30   9
 16  25  10
  9  12  10
  1  35  12
 10  44   9
 19  44   8
 13  48  18
  8  18  16
  7  13  13
 11  14  11
 12  13  16
 15  20  19
 15  33   8
 15  48   8
  7  32   9
  9  46  17
 17  19  14
  3  25   5
 11  14  18
 16  38  14
 13  45  20
 11  22  10
  8  21   5
  4  25  18
 19  13  15
 11  21   9
  6  32   8
 18  23   9
  7  40  14
  2  42  13
 11  26  10
  3  24   8
 10  42   6
 16  38  10
  6  40  15
 10  48  11
 16  30   7
 12  29  14
 10  41  17
 12  33  16
  9  14  11
 18  31  17
  7  40  19
 15  47  19
  1  44  17
  9  35  13
  4  37  15
 18  10  18
  2  25  14
 17  19  15
  5  11  11
  4  18  17
 14  15  13
  5  39  19
  1  18   7
  5  34  20
 11  12  10
  6  35  14
  8  17  17
 14  25  17
 20  30  16
 15  20   8
  3  32   6
 16  28  15
  6  39  11
 17  11   8
 10  24   7
 11  34   7
  5  14  16
 14  21  17
  4  39  20
100 203
166 265
560 900
17 339
254 184
937 64
954 145
23 475