50
50
 15  11   9
 18  21   8
 14  33   6
  6  49  15
 17  34   5
  6  48  17
 13  21  15
 18  33  10
  3  33  15
  7  15  13
  7  43   6
 17  11   8
 10  29  12
 17  35   8
 15  31  10
  5  11   7
 11  41  15
 16  24  12
 14  46   8
  2  39  10
 15  10   8
  9  46   6
 11  43   9
  9  37  12
  5  36  18
 19  37  16
 13  31  17
  8  46   9
  2  47  19
  1  17  12
  9  14   8
 14  42  20
  1  10  19
  6  46  12
  8  14   6
  5  32   9
 14  41  16
 16  41   9
 14  46  15
 15  21  15
 19  27   6
 10  27  14
 16  11  10
  8  38  17
  8  36  20
 10  13  17
 11  39  13
 14  26  14
 14  25  10
  5  30   9
1 3
14 20
20 29
15 45
50 17
24 38